
max = 0.999999
sendRecv = 0.370537

max = 0.999999
IsendRecv = 0.305800

max = 0.999999
wall clock time = 0.005801
