
max = 0.999999
sendRecv = 0.259097

max = 0.999999
wall clock time = 0.005772
