
max = 1.000000
sendRecv = 1.306315

max = 1.000000
IsendRecv = 0.239288

max = 1.000000
wall clock time = 0.005668
