Ssend = 2.414416
Rsend = 2.517757
Send = 2.531492
Isend = 2.398353
Irsend = 2.397761
Issend = 2.381793
sendRecv = 2.389638
