Ssend = 2.398633
Rsend = 2.468225
Send = 2.475874
Isend = 2.361697
Irsend = 2.377496
Issend = 2.373777
sendRecv = 2.360982
